3662, 1766, 3659, 1657, 3541, 3543, 1675, 1805, 1674, 1864, 3499, 1863, 1849, 3506, 1850, 1848, 3504, 1849, 1708, 1584, 1699, 1677, 1692, 1675, 1669, 3533, 1668, 3923, 3511, 3790,
1580, 1582, 1581, 1593, 1588, 1592, 1584, 1586, 1585, 1591, 1589, 1588, 1599, 1597, 1596, 1588, 1595, 1594, 1662, 1660, 1659, 3551, 1650, 3552, 1659, 1666, 1665, 1659, 1663, 1662,
1670, 1668, 1667, 1623, 1672, 1671, 1676, 1674, 1673, 1612, 1676, 1624, 1678, 1675, 1676, 1693, 1657, 1694, 1691, 1693, 1695, 3556, 1651, 3551, 3920, 1702, 3922, 3915, 1701, 1705,
3918, 1697, 1700, 1698, 3926, 3917, 1705, 1706, 1707, 1706, 1598, 1599, 1708, 1707, 1587, 1713, 1710, 1712, 3918, 1708, 1699, 1703, 1576, 1702, 1715, 1712, 1714, 1721, 1719, 1718,
1729, 1722, 1728, 1593, 1728, 1591, 1728, 1590, 1591, 1730, 1729, 1582, 1731, 1711, 1713, 1723, 1730, 1731, 1711, 1730, 1579, 1721, 1731, 1732, 1720, 1732, 1733, 1733, 1715, 1716,
1734, 1735, 1696, 1732, 1713, 1715, 1662, 1740, 1667, 1741, 1739, 1742, 1737, 1736, 1734, 1664, 1665, 1739, 1664, 1743, 1663, 1724, 1745, 1744, 1590, 1744, 1589, 1589, 1746, 1595,
1744, 1747, 1746, 1658, 3537, 3541, 1663, 1748, 1740, 1740, 1738, 1737, 1745, 1742, 1747, 1725, 1741, 1745, 1719, 1743, 1725, 1720, 1748, 1719, 1749, 1700, 1697, 1696, 1749, 1695,
1750, 1669, 1670, 1694, 1751, 1750, 1769, 1767, 1766, 1765, 1592, 1764, 1730, 1578, 1579, 1578, 1773, 1577, 3927, 1770, 3928, 1763, 3927, 3916, 1776, 1774, 1773, 3761, 1698, 1699,
1773, 1770, 1771, 1577, 1771, 1763, 1782, 1780, 1777, 1596, 1769, 1766, 3927, 1768, 1769, 1792, 1788, 1787, 3928, 1797, 1768, 3507, 3772, 1805, 1801, 3923, 3921, 1787, 1793, 1792,
1792, 1794, 1775, 3772, 1674, 1805, 1583, 1782, 1788, 1770, 3919, 3928, 1800, 1797, 1799, 1767, 1797, 1798, 1774, 1796, 1770, 1795, 1801, 1796, 1799, 3919, 3921, 1793, 1803, 1794,
3531, 1751, 3546, 1689, 3769, 3771, 3836, 1650, 3839, 1826, 1849, 1804, 1667, 1661, 1662, 1778, 1847, 1827, 1789, 1804, 1793, 1832, 1852, 1851, 1851, 3497, 3500, 1854, 1573, 1860,
1846, 3500, 3512, 1765, 1854, 1781, 1847, 1851, 1846, 1854, 1862, 1861, 1802, 1866, 1801, 1861, 1830, 1831, 1781, 1861, 1780, 3921, 1864, 1799, 1704, 3920, 3915, 1780, 1831, 1779,
1778, 1826, 1789, 1700, 3914, 3918, 1660, 3514, 1666, 1695, 1694, 1696, 1579, 1577, 1576, 1717, 1709, 1700, 1679, 1677, 1678, 3756, 3752, 3742, 1764, 1572, 1573, 1624, 1673, 1672,
1775, 1791, 1792, 3662, 3724, 3660, 1836, 3512, 3513, 1864, 3790, 3502, 1723, 1718, 1722, 1581, 1729, 1728, 3810, 1681, 3845, 3663, 3667, 3670, 1678, 1617, 1679, 1585, 2079, 2078,
1699, 3917, 3918, 1722, 1724, 1590, 1672, 3769, 3762, 1592, 1594, 1572, 1668, 3547, 1661, 2713, 2715, 2712, 2716, 2718, 2719, 2720, 2722, 2723, 2725, 2727, 2724, 2724, 2729, 2728,
2730, 2728, 2708, 2731, 2724, 2730, 2733, 2735, 2732, 2752, 2750, 2751, 2767, 3551, 3552, 1689, 3925, 3924, 2777, 2779, 2776, 2776, 2780, 2781, 2783, 2776, 2782, 2785, 2787, 2784,
2778, 2784, 2779, 2789, 2751, 2788, 2791, 2793, 2790, 2792, 2795, 2793, 2795, 2749, 2748, 2793, 2748, 2752, 2796, 2794, 2800, 2790, 2752, 2789, 3803, 2806, 3802, 3804, 2803, 3802,
2768, 3556, 3551, 2810, 2774, 2775, 2803, 2775, 2804, 2808, 2810, 2803, 2811, 2812, 2813, 3804, 2815, 3794, 3795, 2814, 3794, 3797, 2819, 2820, 3792, 2818, 3797, 2823, 2734, 2818,
2822, 2823, 2818, 2824, 2825, 2723, 3792, 2826, 3791, 3795, 2825, 3791, 2712, 2828, 2827, 2827, 2830, 2829, 2821, 2827, 2829, 2820, 2712, 2827, 2831, 2821, 2829, 2832, 2829, 2830,
2833, 2831, 2832, 2834, 2826, 2831, 2836, 2838, 2835, 2835, 2840, 2839, 2841, 2839, 2726, 2842, 2835, 2841, 2839, 2844, 2843, 2717, 2844, 2718, 2729, 2843, 2717, 2726, 2843, 2727,
2845, 2718, 2844, 2845, 2840, 2846, 2828, 2846, 2830, 2828, 2715, 2845, 2846, 2838, 2847, 2847, 2837, 2848, 2832, 2848, 2833, 2830, 2847, 2832, 2849, 2850, 2851, 2852, 2851, 2853,
2782, 2781, 2854, 2784, 2852, 2855, 2779, 2855, 2780, 2856, 2854, 2781, 2858, 2781, 2780, 2860, 2841, 2859, 2859, 2726, 2725, 2861, 2725, 2731, 2862, 2859, 2861, 2860, 2857, 2856,
2842, 2856, 2858, 2855, 2853, 2863, 2780, 2863, 2858, 2836, 2858, 2863, 2837, 2863, 2853, 2851, 2833, 2848, 2853, 2848, 2837, 2864, 2817, 2834, 2850, 2834, 2833, 2812, 2814, 2864,
2813, 2864, 2850, 2865, 2813, 2849, 2787, 2849, 2852, 2865, 2786, 2866, 2811, 2866, 2774, 2719, 2845, 2869, 2871, 2712, 2819, 3793, 2734, 2733, 2728, 2873, 2872, 2845, 2714, 2869,
2875, 2877, 2874, 2732, 2877, 2733, 3805, 2878, 2879, 3805, 2871, 3793, 2881, 2883, 2880, 2880, 2714, 2713, 2879, 2713, 2871, 2878, 2880, 2879, 2884, 2886, 2887, 2887, 2889, 2884,
2884, 2891, 2890, 2892, 2884, 2890, 2894, 2719, 2869, 2883, 2869, 2714, 2882, 2894, 2883, 2895, 2891, 2894, 2888, 2716, 2889, 2889, 2719, 2891, 2896, 2890, 2895, 2897, 2895, 2882,
2898, 2882, 2881, 2899, 2881, 2878, 3796, 2878, 3806, 2875, 2900, 2876, 2900, 2903, 2902, 2904, 2898, 2899, 2906, 2896, 2897, 3796, 2902, 3798, 3531, 2866, 2786, 2767, 3639, 3642,
1714, 1704, 1709, 2928, 2885, 2892, 2931, 2933, 2930, 2929, 2935, 2936, 2937, 2929, 2928, 1602, 1585, 1601, 2938, 2928, 2907, 2939, 2907, 2906, 3664, 1599, 3660, 2885, 2936, 2886,
2905, 2897, 2898, 2907, 2892, 2896, 2941, 2932, 2940, 2940, 2936, 2935, 3500, 2935, 3512, 3497, 2940, 3500, 2942, 2709, 2872, 2942, 2873, 2888, 2944, 2888, 2887, 2945, 2942, 2944,
2931, 2887, 2886, 2930, 2944, 2931, 2902, 2946, 2947, 2906, 2948, 2939, 2905, 2949, 2948, 3798, 2947, 3800, 1827, 1848, 1826, 1835, 1831, 1830, 1718, 1725, 1724, 3114, 2721, 3113,
2717, 2873, 2729, 2708, 2872, 2709, 1580, 1781, 1782, 2886, 2932, 2931, 1686, 1658, 1693, 3654, 3604, 3611, 1832, 1779, 1831, 3582, 3579, 3580, 3580, 3578, 3577, 3593, 3595, 3594,
3399, 3601, 3400, 3625, 3624, 3626, 3630, 3598, 3600, 3635, 3594, 3595, 3646, 3587, 3644, 3649, 3583, 3646, 3652, 3579, 3650, 3652, 3653, 3578, 1800, 3655, 3654, 3650, 3581, 3649,
3643, 3594, 3636, 1766, 3658, 3659, 1596, 3660, 1599, 1707, 3664, 3663, 3670, 3666, 3665, 3665, 3672, 3671, 1587, 3663, 1586, 2079, 3665, 2081, 3673, 3634, 3630, 3676, 3635, 3634,
3681, 3644, 3680, 3691, 3649, 3685, 3680, 3643, 3679, 3695, 3680, 3679, 3404, 3604, 3401, 3701, 3677, 3676, 3698, 3678, 3677, 3644, 3637, 3643, 1798, 3658, 1767, 3707, 3457, 3459,
3461, 3707, 3459, 3614, 3601, 3599, 3709, 3695, 3697, 3634, 3595, 3598, 3628, 3626, 3629, 3596, 3598, 3595, 3629, 3714, 3628, 3626, 3596, 3593, 3716, 3722, 3717, 3714, 3659, 3628,
3715, 3724, 3714, 3667, 3660, 3724, 3667, 3716, 3666, 3666, 3717, 3672, 3726, 3672, 3717, 3727, 3671, 3672, 3725, 3717, 3722, 3726, 3730, 3728, 3600, 3599, 3601, 3588, 3583, 3584,
3584, 3581, 3582, 3677, 3636, 3635, 1800, 3656, 1798, 3728, 3727, 3726, 1775, 1795, 1774, 3698, 3703, 3707, 3605, 3400, 3601, 3707, 3697, 3698, 3703, 3442, 3457, 1667, 1737, 1670,
3739, 3728, 3730, 1765, 1581, 1593, 3611, 3605, 3614, 3623, 3614, 3624, 3630, 3442, 3673, 3678, 3643, 3636, 3685, 3646, 3681, 3701, 3673, 3703, 3624, 3599, 3596, 3600, 3414, 3630,
3738, 3734, 3728, 3629, 3593, 3740, 3740, 3715, 3629, 3697, 3679, 3678, 1777, 1779, 1778, 1791, 1583, 1788, 3637, 3593, 3594, 3740, 3587, 3588, 3588, 3722, 3740, 3382, 3384, 3381,
3383, 3386, 3384, 3385, 3388, 3386, 3387, 3390, 3388, 3391, 3393, 3394, 3394, 3395, 3396, 3397, 3396, 3395, 3399, 3398, 3397, 3402, 3404, 3401, 3405, 3403, 3402, 3407, 3406, 3405,
3409, 3408, 3407, 3411, 3410, 3409, 3414, 3397, 3413, 3413, 3395, 3415, 3415, 3393, 3416, 3416, 3392, 3417, 3392, 3419, 3417, 3418, 3420, 3419, 3389, 3421, 3420, 3387, 3422, 3421,
3385, 3423, 3422, 3383, 3424, 3423, 3424, 3425, 3183, 2903, 3427, 2946, 3428, 2903, 2901, 3429, 2901, 2875, 2874, 3429, 2875, 3431, 2732, 2735, 2824, 3434, 2823, 3436, 3438, 3435,
3440, 3435, 3439, 2723, 3433, 2824, 3435, 3114, 3116, 3442, 3413, 3441, 3441, 3415, 3443, 3443, 3416, 3444, 3444, 3417, 3445, 3445, 3419, 3446, 3419, 3447, 3446, 3420, 3448, 3447,
3421, 3449, 3448, 3422, 3450, 3449, 3423, 3451, 3450, 3453, 3446, 3452, 3454, 3445, 3453, 3455, 3444, 3454, 3441, 3455, 3456, 3442, 3456, 3457, 3458, 3457, 3456, 3456, 3454, 3458,
3458, 3453, 3460, 3461, 3458, 3460, 3403, 3400, 3404, 3406, 3398, 3403, 3408, 3396, 3406, 3410, 3394, 3408, 3464, 3412, 3411, 3466, 3468, 3465, 3464, 3430, 3432, 3469, 3465, 3464,
3437, 3431, 3434, 3466, 3437, 3436, 3467, 3436, 3440, 3470, 3467, 3471, 3471, 3440, 3472, 3474, 3471, 3473, 3473, 3472, 3475, 3478, 3473, 3477, 3391, 3412, 3479, 3465, 3479, 3412,
3418, 3391, 3479, 3389, 3479, 3390, 3468, 3390, 3479, 3388, 3470, 3474, 3386, 3474, 3478, 3384, 3478, 3480, 3480, 3477, 3482, 3381, 3480, 3485, 3425, 3381, 3486, 3427, 3401, 3487,
3426, 3402, 3427, 3428, 3405, 3426, 3429, 3407, 3428, 3430, 3409, 3429, 3469, 3432, 3431, 3433, 3437, 3434, 2722, 3438, 3433, 2874, 3432, 3430, 2735, 3434, 3431, 2946, 3487, 3499,
1735, 1717, 1749, 1670, 1734, 1750, 1695, 1697, 1691, 1799, 1863, 1800, 1736, 1716, 1735, 1750, 1696, 1694, 3655, 3401, 3604, 1576, 1763, 1702, 3916, 1598, 3922, 1803, 1865, 1802,
1738, 1733, 1736, 1777, 1789, 1787, 1788, 1777, 1787, 1583, 1730, 1582, 2825, 2720, 2723, 3489, 2720, 2816, 2815, 3489, 2816, 2721, 2738, 2737, 3489, 2739, 2738, 3490, 2788, 3489,
1716, 1714, 1717, 1709, 3915, 3914, 1711, 1576, 1710, 1704, 1710, 1703, 2908, 2792, 2791, 2809, 2794, 2792, 2768, 2800, 2794, 3491, 2789, 3490, 2807, 3490, 2815, 1776, 1758, 1791,
3552, 2769, 2767, 3926, 1686, 1691, 3549, 2778, 2777, 3546, 2774, 2866, 2774, 3541, 2775, 3803, 3538, 2805, 2775, 3537, 2804, 3547, 2785, 2778, 1804, 1850, 1803, 3533, 2786, 2785,
2769, 3527, 2912, 3514, 2777, 2783, 2934, 3512, 2935, 3509, 2934, 2937, 3507, 2809, 2908, 1794, 1802, 1795, 3504, 2937, 2938, 3506, 2938, 2939, 2949, 3503, 2948, 2939, 3503, 3506,
3800, 3511, 2949, 3499, 2947, 2946, 1827, 1846, 1836, 2800, 3642, 3661, 3656, 3611, 3623, 3487, 1863, 3499, 2796, 3661, 3590, 3762, 1690, 1698, 3658, 3623, 3625, 3659, 3625, 3628,
3742, 3577, 3756, 1652, 3552, 1650, 1652, 3527, 3575, 3761, 1603, 1671, 1661, 3549, 1660, 3925, 3538, 3801, 1683, 1651, 1677, 1584, 3761, 1699, 3762, 1671, 1672, 1657, 3546, 1751,
1586, 3670, 2079, 1683, 3839, 1650, 1836, 3509, 1848, 1850, 3503, 1865, 1692, 3507, 1805, 3503, 1866, 1865, 1679, 3845, 1683, 3584, 3725, 3588, 3582, 3730, 3584, 3739, 3580, 3742,
3738, 3742, 3752, 2790, 3492, 2791, 3491, 2806, 3492, 2791, 3493, 2908, 3492, 2805, 3493, 3507, 3493, 3515, 3515, 2805, 3538, 2947, 3790, 3800, 3537, 3803, 2804, 2904, 3800, 2949,
2899, 3798, 2904, 2900, 3806, 2876, 2733, 3805, 3793, 2876, 3805, 2877, 2819, 3793, 2871, 2817, 3791, 2826, 2822, 3791, 2825, 2821, 3797, 2820, 2818, 3799, 3797, 2816, 3794, 2815,
2808, 3794, 2814, 2807, 3802, 2806, 2804, 3802, 2803, 1701, 3922, 1598, 3921, 1796, 1801, 3914, 1705, 1708, 3917, 1691, 1697, 3771, 1673, 1674, 1688, 3771, 3772, 3925, 3537, 1687,
3515, 1688, 3772, 3916, 1702, 1763, 1597, 3927, 1769, 1690, 3924, 3926, 3924, 1687, 1686, 3662, 1596, 1766, 1657, 1658, 3541, 1675, 1692, 1805, 1864, 3502, 3499, 1849, 3504, 3506,
1848, 3509, 3504, 1708, 1587, 1584, 1677, 1651, 1692, 1669, 3531, 3533, 3923, 1866, 3511, 1580, 1583, 1582, 1593, 1591, 1588, 1584, 1587, 1586, 1591, 1590, 1589, 1599, 1598, 1597,
1603, 1602, 1601, 1588, 1589, 1595, 1662, 1661, 1660, 3551, 1651, 1650, 1659, 1660, 1666, 1659, 1664, 1663, 1670, 1669, 1668, 1623, 1624, 1672, 1676, 1675, 1674, 1612, 1678, 1676,
1678, 1677, 1675, 1693, 1658, 1657, 1691, 1686, 1693, 3556, 1692, 1651, 3920, 1703, 1702, 3915, 3920, 1701, 3918, 3917, 1697, 1698, 1690, 3926, 1705, 1701, 1706, 1706, 1701, 1598,
1708, 1705, 1707, 1713, 1711, 1710, 3918, 3914, 1708, 1703, 1710, 1576, 1715, 1713, 1712, 1721, 1720, 1719, 1729, 1723, 1722, 1593, 1581, 1728, 1728, 1722, 1590, 1731, 1730, 1711,
1723, 1729, 1730, 1721, 1723, 1731, 1720, 1721, 1732, 1733, 1732, 1715, 1734, 1736, 1735, 1732, 1731, 1713, 1662, 1663, 1740, 1741, 1664, 1739, 1737, 1738, 1736, 1664, 1659, 1665,
1664, 1741, 1743, 1724, 1725, 1745, 1590, 1724, 1744, 1589, 1744, 1746, 1744, 1745, 1747, 1658, 1687, 3537, 1663, 1743, 1748, 1740, 1748, 1738, 1745, 1741, 1742, 1725, 1743, 1741,
1719, 1748, 1743, 1720, 1738, 1748, 1749, 1717, 1700, 1696, 1735, 1749, 1750, 1751, 1669, 1694, 1657, 1751, 1769, 1768, 1767, 1765, 1593, 1592, 1730, 1758, 1578, 1578, 1776, 1773,
3927, 1771, 1770, 1763, 1771, 3927, 1776, 1775, 1774, 3761, 3762, 1698, 1773, 1774, 1770, 1577, 1773, 1771, 1782, 1781, 1780, 1596, 1597, 1769, 3927, 3928, 1768, 1792, 1791, 1788,
3928, 3919, 1797, 3507, 3515, 3772, 1801, 1866, 3923, 1787, 1789, 1793, 1792, 1793, 1794, 3772, 3771, 1674, 1583, 1580, 1782, 1770, 1796, 3919, 1800, 1798, 1797, 1767, 1768, 1797,
1774, 1795, 1796, 1795, 1802, 1801, 1799, 1797, 3919, 1793, 1804, 1803, 3531, 1669, 1751, 1689, 1690, 3769, 3836, 1652, 1650, 1826, 1848, 1849, 1667, 1668, 1661, 1778, 1779, 1847,
1789, 1826, 1804, 1832, 1835, 1852, 1851, 1852, 3497, 1854, 1764, 1573, 1846, 1851, 3500, 1765, 1764, 1854, 1847, 1832, 1851, 1854, 1860, 1862, 1802, 1865, 1866, 1861, 1862, 1830,
1781, 1854, 1861, 3921, 3923, 1864, 1704, 1703, 3920, 1780, 1861, 1831, 3577, 3578, 3653, 1778, 1827, 1826, 1700, 1709, 3914, 1660, 3549, 3514, 1695, 1693, 1694, 1579, 1578, 1577,
1717, 1714, 1709, 1679, 1683, 1677, 2078, 2079, 2081, 1764, 1592, 1572, 1624, 1676, 1673, 1775, 1776, 1791, 3662, 3714, 3724, 1836, 1846, 3512, 1864, 3923, 3790, 1723, 1721, 1718,
1581, 1582, 1729, 3663, 3664, 3667, 1678, 1612, 1617, 1585, 1586, 2079, 1699, 1698, 3917, 1722, 1718, 1724, 1672, 1673, 3769, 1592, 1588, 1594, 1668, 3533, 3547, 2713, 2714, 2715,
2716, 2717, 2718, 2720, 2721, 2722, 2725, 2726, 2727, 2724, 2727, 2729, 2730, 2724, 2728, 2731, 2725, 2724, 2733, 2734, 2735, 2737, 2738, 2739, 2752, 2748, 2750, 2767, 2768, 3551,
1689, 1688, 3925, 2777, 2778, 2779, 2776, 2779, 2780, 2783, 2777, 2776, 2785, 2786, 2787, 2778, 2785, 2784, 2789, 2752, 2751, 2791, 2792, 2793, 2792, 2794, 2795, 2795, 2796, 2749,
2793, 2795, 2748, 2796, 2795, 2794, 2790, 2793, 2752, 3803, 2805, 2806, 3804, 2808, 2803, 2768, 2809, 3556, 2810, 2811, 2774, 2803, 2810, 2775, 2808, 2812, 2810, 2811, 2810, 2812,
3804, 2807, 2815, 3795, 2817, 2814, 3797, 3799, 2819, 3792, 2822, 2818, 2823, 2735, 2734, 2822, 2824, 2823, 2824, 2822, 2825, 3792, 2821, 2826, 3795, 2816, 2825, 2712, 2715, 2828,
2827, 2828, 2830, 2821, 2820, 2827, 2820, 2819, 2712, 2831, 2826, 2821, 2832, 2831, 2829, 2833, 2834, 2831, 2834, 2817, 2826, 2836, 2837, 2838, 2835, 2838, 2840, 2841, 2835, 2839,
2842, 2836, 2835, 2839, 2840, 2844, 2717, 2843, 2844, 2729, 2727, 2843, 2726, 2839, 2843, 2845, 2844, 2840, 2828, 2845, 2846, 2846, 2840, 2838, 2847, 2838, 2837, 2832, 2847, 2848,
2830, 2846, 2847, 2849, 2813, 2850, 2852, 2849, 2851, 2782, 2776, 2781, 2784, 2787, 2852, 2779, 2784, 2855, 2856, 2857, 2854, 2858, 2856, 2781, 2860, 2842, 2841, 2859, 2841, 2726,
2861, 2859, 2725, 2862, 2860, 2859, 2860, 2862, 2857, 2842, 2860, 2856, 2855, 2852, 2853, 2780, 2855, 2863, 2836, 2842, 2858, 2837, 2836, 2863, 2851, 2850, 2833, 2853, 2851, 2848,
2864, 2814, 2817, 2850, 2864, 2834, 2812, 2808, 2814, 2813, 2812, 2864, 2865, 2811, 2813, 2787, 2865, 2849, 2865, 2787, 2786, 2811, 2865, 2866, 2719, 2718, 2845, 2871, 2713, 2712,
3793, 3799, 2734, 2728, 2729, 2873, 2845, 2715, 2714, 2875, 2876, 2877, 2732, 2874, 2877, 3805, 3806, 2878, 3805, 2879, 2871, 2881, 2882, 2883, 2880, 2883, 2714, 2879, 2880, 2713,
2878, 2881, 2880, 2884, 2885, 2886, 2887, 2888, 2889, 2884, 2889, 2891, 2892, 2885, 2884, 2894, 2891, 2719, 2883, 2894, 2869, 2882, 2895, 2894, 2895, 2890, 2891, 2888, 2873, 2716,
2889, 2716, 2719, 2896, 2892, 2890, 2897, 2896, 2895, 2898, 2897, 2882, 2899, 2898, 2881, 3796, 2899, 2878, 2875, 2901, 2900, 2900, 2901, 2903, 2904, 2905, 2898, 2906, 2907, 2896,
3796, 2900, 2902, 3531, 3546, 2866, 2767, 2769, 3639, 3639, 2769, 2912, 1714, 1712, 1704, 2928, 2929, 2885, 2931, 2932, 2933, 2929, 2934, 2935, 2937, 2934, 2929, 1602, 1584, 1585,
2938, 2937, 2928, 2939, 2938, 2907, 3664, 1706, 1599, 2885, 2929, 2936, 2905, 2906, 2897, 2907, 2928, 2892, 2941, 2933, 2932, 2940, 2932, 2936, 3500, 2940, 2935, 3497, 2941, 2940,
2942, 2943, 2709, 2942, 2872, 2873, 2944, 2942, 2888, 2945, 2943, 2942, 2931, 2944, 2887, 2930, 2945, 2944, 2902, 2903, 2946, 2906, 2905, 2948, 2905, 2904, 2949, 3798, 2902, 2947,
1827, 1836, 1848, 1835, 1832, 1831, 1718, 1719, 1725, 3114, 2722, 2721, 3116, 3114, 3113, 2717, 2716, 2873, 2708, 2728, 2872, 1580, 1765, 1781, 2886, 2936, 2932, 1686, 1687, 1658,
3654, 3655, 3604, 1832, 1847, 1779, 3582, 3581, 3579, 3580, 3579, 3578, 3593, 3596, 3595, 3399, 3600, 3601, 3625, 3623, 3624, 3630, 3634, 3598, 3635, 3636, 3594, 3646, 3583, 3587,
3649, 3581, 3583, 3652, 3578, 3579, 1800, 1863, 3655, 3650, 3579, 3581, 3643, 3637, 3594, 1766, 1767, 3658, 1596, 3662, 3660, 1707, 1706, 3664, 3670, 3667, 3666, 3665, 3666, 3672,
1587, 1707, 3663, 2079, 3670, 3665, 2081, 3665, 3671, 3673, 3676, 3634, 3676, 3677, 3635, 3681, 3646, 3644, 3691, 3650, 3649, 3680, 3644, 3643, 784, 3691, 3685, 3404, 3605, 3604,
3701, 3698, 3677, 3698, 3697, 3678, 3644, 3587, 3637, 1798, 3656, 3658, 3707, 3703, 3457, 3461, 3709, 3707, 3614, 3605, 3601, 3634, 3635, 3595, 3628, 3625, 3626, 3596, 3599, 3598,
3629, 3715, 3714, 3626, 3624, 3596, 3716, 3715, 3722, 3714, 3662, 3659, 3715, 3716, 3724, 3667, 3664, 3660, 3667, 3724, 3716, 3666, 3716, 3717, 3726, 3727, 3672, 3725, 3726, 3717,
3726, 3725, 3730, 3600, 3598, 3599, 3588, 3587, 3583, 3584, 3583, 3581, 3677, 3678, 3636, 1800, 3654, 3656, 3728, 3734, 3727, 1775, 1794, 1795, 3698, 3701, 3703, 3605, 3404, 3400,
3707, 3709, 3697, 3703, 3673, 3442, 1667, 1740, 1737, 3739, 3738, 3728, 1765, 1580, 1581, 3611, 3604, 3605, 3623, 3611, 3614, 3630, 3414, 3442, 3678, 3679, 3643, 3685, 3649, 3646,
3701, 3676, 3673, 3624, 3614, 3599, 3600, 3399, 3414, 3629, 3626, 3593, 3740, 3722, 3715, 3697, 3695, 3679, 1777, 1780, 1779, 1791, 1758, 1583, 3637, 3740, 3593, 3740, 3637, 3587,
3588, 3725, 3722, 3382, 3383, 3384, 3383, 3385, 3386, 3385, 3387, 3388, 3387, 3389, 3390, 3391, 3392, 3393, 3394, 3393, 3395, 3397, 3398, 3396, 3399, 3400, 3398, 3402, 3403, 3404,
3405, 3406, 3403, 3407, 3408, 3406, 3409, 3410, 3408, 3411, 3412, 3410, 3414, 3399, 3397, 3413, 3397, 3395, 3415, 3395, 3393, 3416, 3393, 3392, 3392, 3418, 3419, 3418, 3389, 3420,
3389, 3387, 3421, 3387, 3385, 3422, 3385, 3383, 3423, 3383, 3382, 3424, 3424, 3382, 3425, 2903, 3426, 3427, 3428, 3426, 2903, 3429, 3428, 2901, 2874, 3430, 3429, 3431, 3432, 2732,
2824, 3433, 3434, 3436, 3437, 3438, 3440, 3436, 3435, 2723, 2722, 3433, 3435, 3438, 3114, 3439, 3435, 3116, 3442, 3414, 3413, 3441, 3413, 3415, 3443, 3415, 3416, 3444, 3416, 3417,
3445, 3417, 3419, 3419, 3420, 3447, 3420, 3421, 3448, 3421, 3422, 3449, 3422, 3423, 3450, 3423, 3424, 3451, 3449, 3450, 2251, 3452, 3446, 3447, 3453, 3445, 3446, 3454, 3444, 3445,
3455, 3443, 3444, 3441, 3443, 3455, 3442, 3441, 3456, 3458, 3459, 3457, 3456, 3455, 3454, 3458, 3454, 3453, 3461, 3459, 3458, 3460, 3453, 3452, 3403, 3398, 3400, 3406, 3396, 3398,
3408, 3394, 3396, 3410, 3391, 3394, 3464, 3465, 3412, 3466, 3467, 3468, 3464, 3411, 3430, 3469, 3466, 3465, 3437, 3469, 3431, 3466, 3469, 3437, 3467, 3466, 3436, 3470, 3468, 3467,
3471, 3467, 3440, 3472, 3440, 3439, 3474, 3470, 3471, 3473, 3471, 3472, 3477, 3473, 3475, 3478, 3474, 3473, 3391, 3410, 3412, 3465, 3468, 3479, 3418, 3392, 3391, 3389, 3418, 3479,
3468, 3470, 3390, 3388, 3390, 3470, 3386, 3388, 3474, 3384, 3386, 3478, 3480, 3478, 3477, 3381, 3384, 3480, 3485, 3480, 3482, 3425, 3382, 3381, 3486, 3381, 3485, 3427, 3402, 3401,
3426, 3405, 3402, 3428, 3407, 3405, 3429, 3409, 3407, 3430, 3411, 3409, 3469, 3464, 3432, 3433, 3438, 3437, 2722, 3114, 3438, 2874, 2732, 3432, 2735, 2823, 3434, 2946, 3427, 3487,
1735, 1716, 1717, 1670, 1737, 1734, 1695, 1749, 1697, 1799, 1864, 1863, 1736, 1733, 1716, 1750, 1734, 1696, 3655, 3487, 3401, 1576, 1577, 1763, 3916, 1597, 1598, 1803, 1850, 1865,
1738, 1720, 1733, 1777, 1778, 1789, 1788, 1782, 1777, 1583, 1758, 1730, 2825, 2816, 2720, 3489, 2738, 2720, 2815, 3490, 3489, 2721, 2720, 2738, 3113, 2721, 2737, 3489, 2788, 2739,
3490, 2789, 2788, 1716, 1715, 1714, 1709, 1704, 3915, 1711, 1579, 1576, 1704, 1712, 1710, 2908, 2809, 2792, 2809, 2768, 2794, 2768, 2767, 2800, 3491, 2790, 2789, 2807, 3491, 3490,
1776, 1578, 1758, 3552, 3575, 2769, 3926, 3924, 1686, 3549, 3547, 2778, 3546, 3543, 2774, 2774, 3543, 3541, 3803, 3801, 3538, 2775, 3541, 3537, 3547, 3533, 2785, 1804, 1849, 1850,
3533, 3531, 2786, 2769, 3575, 3527, 3514, 3549, 2777, 2934, 3513, 3512, 3509, 3513, 2934, 3507, 3556, 2809, 1794, 1803, 1802, 3504, 3509, 2937, 3506, 3504, 2938, 2949, 3511, 3503,
2939, 2948, 3503, 3800, 3790, 3511, 3499, 3502, 2947, 1827, 1847, 1846, 2800, 2767, 3642, 3656, 3654, 3611, 3487, 3655, 1863, 1601, 1585, 2078, 2796, 2800, 3661, 3762, 3769, 1690,
3658, 3656, 3623, 3659, 3658, 3625, 3742, 3580, 3577, 1652, 3575, 3552, 3761, 1602, 1603, 1661, 3547, 3549, 3925, 1688, 3538, 1683, 1650, 1651, 1584, 1602, 3761, 3762, 3761, 1671,
1657, 3543, 3546, 1586, 3663, 3670, 1683, 3845, 3839, 1836, 3513, 3509, 1850, 3506, 3503, 1692, 3556, 3507, 3503, 3511, 1866, 1679, 3810, 3845, 3584, 3730, 3725, 3582, 3739, 3730,
3739, 3582, 3580, 3738, 3739, 3742, 2790, 3491, 3492, 3491, 2807, 2806, 2791, 3492, 3493, 3492, 2806, 2805, 3507, 2908, 3493, 3515, 3493, 2805, 2947, 3502, 3790, 3537, 3801, 3803,
2904, 3798, 3800, 2899, 3796, 3798, 2900, 3796, 3806, 2733, 2877, 3805, 2876, 3806, 3805, 2819, 3799, 3793, 2817, 3795, 3791, 2822, 3792, 3791, 2821, 3792, 3797, 2818, 2734, 3799,
2816, 3795, 3794, 2808, 3804, 3794, 2807, 3804, 3802, 2804, 3803, 3802, 1701, 3920, 3922, 3921, 3919, 1796, 3914, 3915, 1705, 3917, 3926, 1691, 3771, 3769, 1673, 1688, 1689, 3771,
3925, 3801, 3537, 3515, 3538, 1688, 3916, 3922, 1702, 1597, 3916, 3927, 1690, 1689, 3924, 3924, 3925, 1687,